0 1
1 1
2 0
3 2
4 1
5 0
6 0
7 2
8 1
9 2
10 1
11 2
12 0
13 1
14 1
15 1
16 0
17 0
18 2
19 0
20 1
21 1
22 0
23 2
24 1
25 1
26 0
27 1
28 2
29 0
30 2
31 2
32 1
33 0
34 2
35 2
36 2
37 2
38 2
39 2
40 1
41 2
42 2
43 2
44 1
45 1
46 0
47 1
48 0
49 0
50 1
51 2
52 1
53 1
54 2
55 2
56 0
57 2
58 1
59 2
60 2
61 0
62 0
63 2
64 2
65 1
66 2
67 0
68 0
69 0
70 1
71 0
72 0
73 1
74 2
75 2
76 2
77 1
78 0
79 0
80 2
81 0
82 2
83 0
84 0
85 2
86 2
87 2
88 0
89 0
90 2
91 1
92 2
93 2
94 0
95 0
96 1
97 2
98 1
99 2
100 2
101 0
102 1
103 1
104 0
105 2
106 0
107 0
108 2
109 1
110 1
111 0
112 0
113 1
114 0
115 1
116 2
117 0
118 0
119 0
120 0
121 1
122 2
123 0
124 0
125 1
126 0
127 0
128 0
129 0
130 1
131 1
132 0
133 0
134 0
135 2
136 0
137 0
138 0
139 0
140 1
141 1
142 0
143 2
144 2
145 2
146 1
147 0
148 0
149 1
150 1
151 2
152 0
153 2
154 1
155 0
156 2
157 2
158 2
159 0
160 1
161 1
162 0
163 2
164 2
165 1
166 1
167 2
168 2
169 0
170 2
171 1
172 0
173 2
174 1
175 1
176 0
177 1
178 1
179 0
180 2
181 2
182 2
183 0
184 1
185 1
186 1
187 2
188 1
189 2
190 1
191 2
192 0
193 2
194 0
195 1
196 1
197 0
198 2
199 0
200 0
201 1
202 2
203 2
204 1
205 2
206 2
207 1
208 0
209 2
210 0
211 1
212 1
213 0
214 2
215 1
216 2
217 1
218 1
219 2
220 1
221 1
222 0
223 2
224 2
225 2
226 1
227 1
228 1
229 1
230 0
231 2
232 1
233 0
234 0
235 1
236 1
237 2
238 0
239 2
240 0
241 2
242 0
243 0
244 2
245 2
246 1
247 2
248 2
249 2
250 1
251 2
252 2
253 0
254 0
255 1
256 1
257 2
258 2
259 0
260 0
261 1
262 0
263 0
264 2
265 2
266 1
267 1
268 2
269 0
270 1
271 0
272 1
273 0
274 0
275 0
276 2
277 2
278 1
279 0
280 1
281 2
282 0
283 2
284 0
285 1
286 0
